7926
8058
7
3005
2351
9770
3360
5867
6914
5290
5403
1214
323
9399
9824
5159
8011
3138
9408
2074
6525
5314
3009
2463
8036
3283
9897
923
2529
5187
5753
481
3821
2319
9814
9269
2429
9097
5514
8432
1537
8690
196
2572
7962
174
3414
3349
819
4316
830
1340
8764
6958
1842
4458
1335
9633
6826
5268
8013
243
8270
8708
4467
2449
2019
5691
1304
7085
5897
5315
2566
8044
9965
908
3291
8110
5112
4483
9342
4460
8732
597
4056
962
192
9057
5372
1443
3380
9858
2453
3641
4415
2153
2173
6886
6017
7162
7802
8973
2216
8247
7592
9261
9869
702
4427
9099
6563
3761
352
4951
2483
2302
1828
4995
1039
4110
2047
9999
2663
9564
5758
9182
7424
8391
7511
750
4575
6687
4144
4043
9398
4162
3404
7553
6439
6155
1414
2252
3768
2375
2627
1870
319
5905
256
8861
7815
1611
2620
6128
9098
8780
1984
1896
5925
2971
1915
9250
1962
1472
817
9233
668
2967
6076
502
1189
2695
4895
3771
9445
4851
3648
2885
9691
4423
5400
5486
2059
1133
3753
5008
5211
1452
888
2094
1490
7912
2740
2401
6691
6308
9568
2565
3432
146
9956
8091
745
942
2575
8257
6792
1690
4410
7415
7266
7117
7969
8199
1827
14
5947
7141
1205
1723
5920
642
2201
2700
1583
6312
3690
7179
9745
8498
2650
3543
8322
3807
4156
3489
7950
4916
2412
5970
3181
8001
129
536
331
6536
7942
2746
3270
2472
2035
4285
6737
1715
8170
1744
5016
1630
921
8254
1741
92
4881
1245
7367
1167
4942
8285
5120
2177
1680
2878
4511
2404
8784
4155
1808
2121
7603
7746
3406
7432
7278
275
4161
3829
9696
5752
4238
4789
326
7685
2997
2660
4669
3188
8553
9152
6542
8457
7917
4603
7959
4248
7589
1438
9937
1596
9378
6845
5349
7133
5459
4510
9377
8243
587
1380
8219
3407
3554
3882
9901
7904
8531
9718
9629
6252
4734
8970
1329
781
840
2013
2382
6498
4617
8633
90
9146
583
3943
1743
3904
800
5686
5684
4979
527
9096
1877
714
4627
6227
9834
7830
1667
1462
8385
8175
6507
3582
158
1434
3794
3706
1921
5740
4211
9550
653
9414
3955
7629
6711
4063
1052
6049
5963
1370
2191
1325
9650
3844
5087
2942
6916
2965
841
9945
5907
4805
8238
531
9208
7734
6588
4559
3352
6974
3628
3945
9404
784
1421
3060
1709
3934
8953
7228
9388
1620
1094
631
1544
754
2209
5226
5425
7983
1734
6865
7577
9420
3253
5245
7192
6236
6709
3793
874
6321
7292
2246
5926
3051
1648
658
5225
9973
8065
4694
9277
3553
8610
8365
7070
3232
2480
2996
8689
8667
3585
8986
8
2165
6713
6842
8042
5015
5235
3292
5600
6006
6045
5291
6720
4889
1822
473
4466
7244
4520
877
1375
5072
2257
9350
46
456
4686
8844
8395
8711
6821
712
2722
7059
586
6847
1210
6558
433
9877
3010
5433
744
3063
4540
229
6856
9780
1511
3815
2906
1403
5988
6964
676
3550
2352
9035
5550
1394
1838
7269
6014
4629
591
370
7151
9417
8383
6169
6130
6051
7737
3109
9455
1135
4609
6759
6744
5041
6185
4167
758
4991
9657
8079
6364
3544
1369
9478
7915
5426
7488
4893
9354
3533
8958
8181
7739
1235
3267
2530
9818
5255
6339
7040
4454
7279
3560
5958
9943
2260
2281
8825
4830
7054
1787
2
3328
3156
1204
1182
7806
2712
7598
4138
742
1967
516
2808
1322
8593
9618
7243
901
8398
1726
3008
8263
1425
4562
2640
9116
9990
4417
4985
4040
6748
634
9607
7551
7285
1111
2332
8563
224
1391
7719
4295
379
761
657
8068
6881
9337
9053
2208
1807
4204
185
9083
3651
3268
5039
7564
1066
9596
6855
509
4637
1917
2008
1248
1310
4217
6474
1482
9756
5352
7044
4304
213
5936
429
9485
3480
9143
8835
4941
6773
4350
1
2486
5513
9177
5461
2833
3874
8255
6696
207
3486
3254
1470
7350
2044
111
3819
589
2168
5218
5862
765
5175
539
9101
3968
2662
1774
1712
9022
7549
6001
1169
5823
3121
3653
9351
6247
9095
885
4591
305
5756
1054
8940
5333
7251
6073
2205
1830
9059
4321
785
1211
2772
9830
5200
8022
4850
5427
8009
3766
3069
7910
4377
390
1846
7069
2778
1945
3271
5509
8707
4348
3664
4771
7995
9474
3434
9029
351
3451
7775
690
8355
119
7811
1980
463
138
311
486
8171
2900
960
2229
9246
5421
6187
1911
6064
6646
5873
9595
8627
4179
5945
302
7729
7438
5464
8294
3203
4926
7887
519
6453
8037
8276
7316
1814
845
4862
3007
948
1969
7810
6093
704
4599
2592
5186
1317
3921
2344
2468
4408
6423
6489
1432
866
8174
4811
8149
8556
2312
6628
4542
7657
988
7880
1218
7465
4290
5515
6579
2618
6225
5052
2636
4226
5640
7667
8161
4006
5312
9524
9176
8823
6776
8530
5257
7709
4563
4915
4652
2823
6100
6119
4759
7652
7560
68
3737
6764
8107
8242
4294
5058
9944
2825
7500
3410
9710
8836
7530
1963
1404
3468
198
5664
8421
876
1488
5466
8666
995
5602
6118
3070
7757
809
4120
4186
9441
2766
6686
2963
1800
1038
1348
7933
2450
446
6978
8240
869
4430
6437
1376
7402
51
432
7460
2703
6793
6274
1336
8966
9416
7242
151
1260
5964
8163
3257
262
1876
4796
1042
4646
4399
6761
9627
8244
2786
4594
504
3056
5647
5377
5914
3848
4913
4273
9283
683
1556
792
5137
2078
5940
6271
8089
9179
2643
4503
9497
9880
6311
1950
6413
7520
5892
9692
3619
7455
3744
5609
2633
5941
2710
2992
6617
4409
392
4085
8085
7993
8653
9193
2867
1711
4480
6831
324
9747
6163
6524
1296
1522
9728
8591
3638
2512
3621
5304
5086
4880
2699
810
63
1343
1075
5378
7105
2874
6561
2288
8032
8760
7429
7770
6638
7886
5005
1078
7683
2068
8929
7690
9114
9204
2179
6682
8313
2973
4797
3902
1599
7525
8854
9889
3084
4047
7807
9030
7604
8415
1223
5370
1736
633
1628
2828
9275
7527
911
2223
8718
2325
5487
191
4892
1751
7275
9757
1431
883
3052
774
7217
48
6485
8379
83
2163
1931
8869
7902
8482
4517
2915
5153
7072
3976
5787
1070
5869
3551
1549
9697
5439
3718
4703
3102
9867
5728
7154
9023
6814
2986
4564
616
3013
6618
6921
1268
6038
5901
542
9981
2269
9494
5989
5815
8333
8778
8603
1796
8657
7941
5438
1447
4527
1545
6229
6302
1799
448
4872
6408
2985
4498
1270
5002
918
3660
4353
5393
6213
3027
8423
8250
8245
7679
86
317
6202
2709
8381
2869
854
134
4313
670
366
4992
9584
231
3811
6454
8479
6577
6138
739
6546
9522
8393
763
728
5074
6368
2821
6578
1484
5339
9375
1976
7883
3090
4128
6156
8096
5003
376
8927
5424
8014
9896
5381
7597
7431
1396
8302
4950
8460
4998
7393
3135
7975
5497
5808
6733
8160
8130
3244
4668
3361
8204
9666
492
9536
3182
5506
1991
4784
7017
4048
1036
1297
875
9270
9007
9028
5289
6679
9748
2340
4662
9572
8853
498
3991
4443
1101
8489
3187
6127
7246
8743
2082
8469
2980
8613
1524
1987
641
9790
1841
3322
7650
9730
4930
6296
7965
4650
3729
3569
708
8722
7818
3371
4336
8386
5977
8303
7137
9884
7504
1313
4340
4641
3114
6232
3025
9339
8487
8290
8573
6054
6858
9585
3079
5293
8299
3264
8887
8671
7146
5615
6639
660
8995
6984
9787
4640
4344
6371
6955
1916
2278
8868
3784
9955
9763
9186
8714
32
5574
6067
3
3542
6750
4801
5538
6391
284
6471
1637
1686
5019
7943
1540
8951
74
2649
2617
1427
1753
9721
1892
4200
1587
7383
8308
5593
5115
3022
2055
1498
125
6977
4798
7391
4308
5319
4550
3579
8144
8233
9495
9360
5053
9272
645
6367
3206
8856
3948
8984
3162
1576
4592
8685
1585
9566
3495
3732
8440
4531
4305
6173
9567
7801
2081
2290
7182
2491
421
479
8259
8426
8532
6518
161
7123
5812
8879
2619
8624
7086
3139
6700
2395
2595
2715
2043
9784
936
2678
4213
837
5064
9579
2193
5434
9319
8524
3472
288
406
3172
8542
1160
3792
2341
9242
1305
8062
4054
3243
9552
4502
5119
1244
5385
6521
2489
5783
9868
6901
5203
8453
6020
8106
7499
9642
2112
3986
2248
5244
338
188
1983
4773
8269
710
4354
468
1574
6046
4034
7456
3245
3820
4023
6968
7385
6825
8803
6970
1564
183
2422
5144
3781
6176
8838
6465
9200
7591
7366
5586
2309
1199
3711
6112
8745
5921
1562
4017
5909
5482
4864
568
9071
5298
1491
7220
5286
1606
4975
1569
9606
4555
5309
611
7997
8298
2645
4436
5193
5724
1024
5227
2349
2376
3440
8344
7073
4339
1028
8946
1622
4825
1816
3118
2474
1127
8418
5811
9480
9149
8206
5116
2968
445
3541
2067
2199
6094
7475
3795
6605
9538
1829
8092
626
5168
5849
9547
1451
3373
4029
266
8985
5022
1019
4691
672
6195
9940
2603
4018
3319
1281
916
8728
1733
6244
4068
143
9624
5299
9063
9332
9974
5260
3534
9024
1383
9734
3265
5192
2492
5057
8742
6801
1652
299
9276
8493
6937
9816
2883
2520
1579
9243
863
6300
6590
107
8351
3240
5131
7782
2880
6153
7372
1266
6501
1764
7557
7149
8646
6813
30
7990
4556
2524
9926
6616
4184
1230
3773
8026
4816
1358
6951
6600
2417
1503
2465
5716
8843
2691
764
9167
7344
8954
6198
5683
1729
6583
1041
9672
5601
4190
829
6235
5525
4526
1275
9808
2406
2526
4534
2832
2343
2656
8637
3418
6774
171
838
6853
6939
5435
1550
9559
7353
4297
2329
7084
9829
7338
8152
7627
3115
4151
2521
4919
9492
7716
2366
8679
3735
3709
2748
7583
3760
6353
418
371
8792
6362
9741
5432
3031
380
4837
3699
2674
680
2673
9554
6166
4289
402
4165
5151
8101
6797
2481
3397
8164
9925
7313
2588
7159
4489
76
5742
6898
5597
4431
3106
3176
7960
5665
3221
4243
5931
2305
6419
6267
7522
3342
4800
930
1324
7569
6500
3044
308
9722
8541
6582
7003
39
3946
4613
6719
893
1333
1601
1344
7300
6062
1290
524
5462
4661
7994
8369
2665
7180
8847
4676
9531
6532
7981
4320
8416
245
2536
6900
8925
4490
5952
8361
9305
2838
9527
3594
3817
5305
8931
3613
5214
7688
2707
8414
603
9652
3185
6354
7713
5011
7258
8521
791
6233
5575
780
2577
6431
2004
8738
3035
821
3234
4391
4292
4551
9601
3173
662
6997
2728
9832
7231
2186
9917
8668
7139
4035
4491
5994
3086
9467
5228
5157
2038
2881
1312
2658
3540
695
3282
7172
1280
7689
3907
6036
4907
5083
6956
3364
7337
5332
664
1298
6543
9372
8736
5796
5955
2200
6258
5398
5843
933
3036
8949
7229
7260
9067
216
1051
950
94
9402
5587
865
9227
2264
3262
6350
4317
8527
233
9651
886
7335
5122
3127
70
3006
8963
6812
6991
7284
3956
1866
6261
8597
3535
1695
1219
1845
9127
7964
9827
8478
4832
2912
7283
9413
620
3642
4364
1868
3248
2783
9800
4060
7187
7209
2634
2686
3116
7359
5512
3308
1001
5476
5570
9426
8069
3762
7136
8330
9206
4355
3854
9957
5737
9946
7707
9864
9348
7890
3775
5324
6171
6150
6723
1994
5233
1163
6122
5690
1884
6291
6727
1058
3826
5539
8852
6282
4360
4065
6288
211
6568
4840
3475
4976
5780
7555
6041
2820
2287
7789
89
4590
2409
6999
5169
9717
2400
7771
9664
2655
2771
9285
1407
8598
6910
4516
1109
104
2479
8138
4314
9085
8084
3041
312
2560
5850
7643
3150
4061
8545
2100
8644
6739
5048
5540
5306
903
5836
9796
6159
1176
1642
8000
1589
5429
8791
201
5953
2334
7268
9373
8408
3208
1193
9609
1087
8687
1357
5207
8636
8377
7198
6023
8059
263
1802
9662
7102
1231
4214
8849
6664
447
440
9240
93
2361
1885
4983
773
1633
227
5455
1973
8777
5428
1144
9911
3936
2657
1948
5178
2626
8506
7610
3152
2164
8625
2681
4077
9340
5700
482
3756
2887
7961
9257
1265
2222
3975
2456
5839
8559
5336
3425
4807
2800
6120
6426
3812
1909
6837
2991
5164
8845
1668
8519
8632
3484
9335
7238
1149
663
7439
8271
8045
3961
6629
6343
1520
8470
1918
6878
5804
8744
9902
9154
1151
6238
8305
7080
9533
7109
7401
454
6907
3824
4003
8484
7642
1626
6015
3831
8974
1299
7189
9737
9771
3708
4685
5280
6658
6705
4721
3929
214
7487
2927
8643
4877
5367
5103
8430
2935
4052
6745
4275
8112
6540
4812
4255
6381
8048
8368
6231
8734
7158
5830
4507
2154
6954
6854
2962
346
2001
2099
8611
6432
6499
2432
5043
3809
3846
8074
9755
8807
5608
3864
7824
5154
4947
6935
1717
8917
9228
8670
3103
4672
8872
1156
8902
3037
3049
1732
2590
7138
130
6215
9636
6623
1250
9217
3441
9743
1063
4452
6791
2219
7671
9878
9262
7982
8215
9978
6882
4933
5751
6116
7273
6189
1771
751
9704
6395
5004
2304
9792
3694
8323
6892
7466
3965
5471
1072
2250
891
2601
4338
287
1352
3646
7639
4228
9185
4012
9775
2904
3074
6775
8590
4230
1959
7418
6188
5785
779
4606
6884
1721
5359
9437
7416
1023
7901
2355
59
757
1029
9089
8076
5816
354
9452
9075
943
8208
1096
353
4854
6167
8422
8185
7758
5261
2782
4821
7515
4651
3724
9991
6887
1971
491
1883
3394
4633
5555
4535
4588
1355
3963
4570
3571
6868
5649
2744
3346
6857
8371
6019
9498
3889
4890
8456
6587
4369
3912
7659
2316
9458
165
3408
2937
4936
4312
6533
2936
6468
7111
8202
1016
4092
9008
7447
823
2647
3388
9894
1810
458
5900
5730
9571
8222
4769
5454
931
2993
3717
2518
4775
5876
6603
941
6124
2282
3168
3474
8585
1914
5059
8827
2235
6523
6768
9853
8212
3237
868
4610
5504
3839
7630
1086
8546
1936
1389
3588
4648
4116
2666
827
503
4875
9793
5355
5149
2127
5984
1875
1360
5415
7722
3422
7881
2918
4688
4515
5480
223
9833
6250
9806
1898
8113
6836
5959
1334
9014
329
3867
427
9539
3681
7318
5755
805
2507
3455
1224
812
7829
6306
513
1638
8540
5746
2890
4219
4470
8634
162
8516
3700
1770
7778
6950
5542
7616
1977
8999
252
265
1998
8806
3951
772
3745
5992
232
4537
8428
8884
512
9861
1286
416
8105
8860
4782
5326
7195
3609
4471
593
5373
3385
2793
9866
9260
3276
6597
1683
325
2048
8128
3922
242
1346
5263
3165
9054
665
1172
9653
436
4783
2445
8307
3169
8376
5331
3981
585
4989
5420
2379
80
8765
5350
4655
4105
9405
9562
7050
294
8735
1833
902
7039
2606
7161
731
1398
8631
44
607
2130
3528
4306
3062
1261
1920
5535
1894
8359
43
7035
5006
4240
5492
6147
734
2907
7166
2953
6277
573
2054
2738
409
8758
2022
4645
5191
3665
5446
5050
7364
3389
4558
1171
8759
3830
7443
2651
4070
7433
6757
4823
4817
5559
2914
3219
3678
8882
5719
651
3310
258
2698
9949
9367
7130
4055
3100
1442
464
3227
4074
5254
8749
7575
6268
3323
8343
9688
4849
4763
8146
721
4845
4102
208
7576
1506
1114
1030
6394
8151
4671
8458
1910
3218
4426
2455
1750
2364
1044
5910
5948
2549
9836
3728
6059
6802
7295
3997
3228
3068
5809
859
7929
6131
5707
5976
1923
7903
4327
2815
5155
685
6161
5046
4337
7250
3080
9660
8897
9779
9132
1464
3725
7563
4428
4927
1243
2784
1456
9819
1200
743
6553
4420
1965
9919
4952
1215
6482
7658
5651
4757
870
3906
7566
5975
2295
515
55
7088
576
3814
974
2895
7185
2753
3263
3258
7013
5371
96
9304
426
7641
8818
5882
7294
9074
4362
3924
6734
9052
5001
6796
4224
709
7087
9118
3780
6219
8642
3119
9514
9803
6877
4365
6043
9349
4093
564
9479
8915
8347
7132
8021
9274
9912
7101
1180
9933
5323
2110
4330
4566
1196
4675
5047
9750
2652
4172
3791
6554
1446
3964
1426
1293
1684
1467
8705
8870
8832
7548
5111
8051
3017
7870
15
7494
7625
5472
7523
5666
1941
5148
5441
9235
1608
7663
7106
3723
4359
7199
2909
2787
4132
337
9791
8223
6346
4010
8382
9436
9823
7216
7047
3426
3910
7814
4718
1448
1913
6436
1678
9209
489
1065
3598
5075
9245
915
8465
2864
6393
1155
9535
3350
3419
7517
9248
8425
3163
5442
2570
5172
1785
5793
1395
3875
4236
6547
3396
2144
8543
3587
2239
3568
1316
6627
2716
5285
1577
3239
7253
5644
3855
449
361
3635
359
4031
3520
1473
8796
7312
2717
4553
6182
8621
5732
9727
452
1598
3749
864
172
1341
9252
5062
1288
6216
2369
4990
9542
1666
6902
7803
1857
8729
5081
7262
9307
2861
8262
7620
5278
1179
6411
8412
6084
4212
8234
9060
7147
5199
8125
6906
2667
1131
646
5188
8224
6595
5320
2255
9144
5773
8907
3398
4221
3938
5588
5617
5706
7919
4038
8901
4689
3189
6828
9682
9941
462
5974
4604
5987
3194
4396
4547
1478
6262
1159
1309
7745
175
5868
5692
2693
5311
8360
4346
5675
8127
4193
2609
2780
5084
3918
2843
3355
6560
9062
1541
5674
7090
3973
5681
2268
2457
9207
3170
236
8605
7361
3531
1323
8699
5460
996
5896
7567
2032
4831
8696
3957
5710
1202
699
7612
181
2979
9852
8715
7148
6385
9872
8024
3734
610
5886
5061
6491
1262
5979
1752
2624
5310
5685
6778
6926
1612
9860
7097
6963
6520
4713
6056
8281
1929
2916
6787
9914
1279
7211
2225
6633
3439
9220
9886
9032
1604
7327
3026
8135
3583
9039
741
6332
5802
8350
6575
9295
1225
5866
5521
5106
566
7116
2027
2010
1818
2390
7004
7081
3808
9409
3971
2871
4146
907
2767
3939
1825
6010
8433
4834
2563
6581
4064
7599
860
7876
7571
6476
769
5121
5000
8103
4293
989
1048
7579
7655
6375
6859
9529
6253
8675
4477
6280
8029
5687
7701
7816
2245
5101
5502
9892
8462
9473
3083
26
955
3147
7796
1091
5933
8387
1405
3937
7574
4143
3797
3387
1449
11
1465
6379
8121
9222
3972
8607
1775
3298
2262
3490
4971
1613
9011
4684
5386
6359
9334
6872
128
387
6207
5679
9597
1783
724
5237
1662
8660
7879
749
4569
3034
5436
6908
3375
9537
7572
9740
8846
2794
2273
7967
9724
7407
4656
8329
1097
9484
4593
517
6918
3427
598
5517
9153
5230
7622
3332
3847
7661
7396
7635
2440
6107
2737
5693
5152
3362
973
1728
1737
1602
548
3316
4041
2494
5223
2114
434
3649
8187
8441
283
451
4234
2818
3776
1776
123
4835
2087
56
2350
6295
3680
9333
1790
1445
6742
1886
2956
5494
2301
7113
5991
108
5184
9643
341
8447
3345
5606
4438
5091
1034
9318
7948
2037
5605
6735
1673
2411
3275
8439
9271
3454
2920
2141
8697
992
2615
9164
2393
8694
4966
1997
4363
2888
3883
7852
7421
8635
5544
3974
7877
9194
9772
8841
2540
9663
1746
5906
9094
1539
6905
5239
890
1207
8842
1064
7533
8669
3469
4736
3801
251
5560
9932
291
7728
6762
6097
6115
5277
5136
4848
9051
8499
5071
394
6060
8334
747
5639
2446
4046
3802
6971
6697
5109
5360
2315
1338
1053
9560
6299
5140
8052
1526
9460
6000
7787
2080
8987
3444
8192
5097
3833
2896
5949
1137
796
3491
1823
3720
1121
2102
4582
9249
2051
5781
2420
5800
5452
5283
8509
722
6013
9171
6967
7336
7212
8969
9942
2267
9966
8474
5572
2125
3796
6266
8332
1005
7115
362
1507
7362
8544
7103
8274
8284
8229
7743
3313
8331
9670
4939
526
4905
1982
4852
6133
510
8916
4124
9828
6576
5678
4187
1927
5782
3518
2247
38
8730
5632
3752
7664
1382
2386
8031
4280
4858
4474
9025
9810
7946
1797
4994
6005
5397
9804
1874
1132
5080
250
8071
1739
8389
7435
1702
3625
5879
1364
1552
6663
2822
8342
7232
4357
9556
1401
7114
6535
2611
2311
618
5784
6517
8040
3657
3843
8253
8554
3259
6444
5303
472
3837
2126
3178
6140
1359
4768
705
3608
8939
1203
9951
1226
1725
2046
6936
8057
1761
1100
5302
1505
1397
3849
2148
5655
707
6806
200
5935
5224
9407
3987
8912
899
2293
7127
6452
3722
6180
3567
2095
9899
9968
3340
612
693
982
6148
9278
862
3570
1410
3155
8665
608
8184
4302
5118
4100
8751
2775
9764
4424
1148
9435
1068
3863
3772
9788
5547
4461
7203
520
9713
2804
2803
5139
7259
3788
9397
776
1493
3471
5613
2062
9253
4529
3633
5705
6072
713
2368
6567
5099
457
2180
4464
407
6151
9798
4137
8520
2538
9133
3382
7779
926
357
8278
617
6318
7331
6883
9122
2198
7490
9874
5774
6844
7334
2437
920
8023
7074
1150
1708
4433
3200
8082
8168
4901
1119
6928
3770
5841
4301
9327
6335
7937
3043
7790
5176
5369
7018
8604
7112
8754
3679
7022
7812
6990
1951
9107
4088
5341
8292
8932
2202
6275
9199
8266
2462
8955
8676
2356
7426
8166
2934
289
7637
7931
1694
4548
5288
3739
1043
7167
8256
7010
40
554
572
3900
5999
9555
2671
5895
2995
897
5627
6284
7281
6239
419
1146
4935
7954
4940
2893
1691
9079
6721
7311
7587
1027
4928
4552
6149
3996
1402
3478
6370
2819
9675
1436
7100
9593
4298
7844
3586
61
6512
8139
7033
206
3073
2573
5904
4007
7867
7505
1966
7538
4109
1805
8557
3816
2749
9188
5065
2840
8005
1610
9516
7780
5524
9977
7800
4967
9821
9002
5279
85
3905
5673
7126
732
9565
7519
2473
4205
5788
2410
6830
2531
9049
3250
7781
9592
1926
1320
2470
7472
3175
5754
9129
1924
3148
5645
8551
7340
3727
5860
2189
9583
1692
6795
4756
8794
1508
3134
4565
9383
9353
7512
6270
7414
7399
2166
6666
9959
7131
7794
405
4931
4687
2696
894
7682
4605
2756
9890
3338
1649
69
543
9180
1543
4883
3050
4160
6085
8656
386
8588
4647
2853
4222
3230
9684
2582
8960
7940
4395
1593
3278
1277
5505
8039
9189
2120
8773
2232
957
8286
558
9201
6630
8928
219
7261
3696
103
5443
4407
1651
9773
3485
1621
9300
8782
6273
2910
768
8726
679
9752
8201
8768
7939
7842
8797
1908
4494
8662
580
9762
5287
9380
9948
9044
5088
8340
4196
3800
2024
7813
946
6913
3644
7201
7381
1444
5253
1123
3470
9013
2237
9302
6849
5330
136
1956
2091
1572
8911
6456
4141
3465
372
3347
5580
4869
8602
1494
6087
31
8495
8663
7750
1670
3144
7448
1000
4129
4988
561
8434
3128
8236
6894
6862
6141
153
6424
1145
9442
3320
8485
649
6601
5107
2830
9391
9418
661
5621
9622
9231
5500
1318
9140
5582
4616
2478
1566
2621
7914
6909
3290
4596
4185
4404
5342
2072
6779
4500
1586
3452
2161
6947
7370
5624
7271
5014
8211
4792
4159
2234
5098
1184
5567
2839
3236
5292
228
5874
5396
6387
428
8770
282
5418
8435
3515
1582
2988
521
4112
8620
6467
8874
5387
1301
9669
8629
6808
7698
2982
8639
4145
3574
4434
5423
9264
6483
7733
5908
6992
6869
5818
7541
7715
6269
5481
178
7526
6363
7495
6157
9726
1780
2471
3003
5616
7012
2294
752
1831
6487
7623
2326
139
9104
2277
1269
2331
6322
8483
3213
9501
9825
7125
6347
3358
5595
7082
113
1055
7458
7104
674
4406
1095
3161
6502
8721
530
6677
9069
1855
2146
6402
7236
4329
928
5356
5049
384
1074
7506
956
3403
2558
846
5419
1221
599
932
5364
2989
7545
3701
8601
3071
2017
4453
6549
6279
625
4911
2921
5051
6888
6174
267
2063
2776
6635
2670
5417
4475
9241
4266
4818
271
4447
6470
7766
3860
2217
3842
4445
5688
5762
3674
7451
9037
1525
4008
1738
7542
2999
9046
4752
2768
7169
7011
7755
7233
6425
9689
4058
7094
6448
367
1366
3065
4681
4195
2220
5328
1459
2033
1536
2374
8822
733
4521
8088
9903
8583
7178
5488
3247
4310
1138
9854
5138
725
5389
8962
3039
2003
3330
4216
9429
966
7918
7544
2708
584
5807
6063
34
5713
7508
54
9112
2955
1049
8547
2162
6934
5123
4578
4865
4715
3281
8783
6095
4964
6002
2157
2098
1469
4449
6919
5392
7450
8134
3415
8692
1238
990
545
1646
8649
8733
7892
2863
9324
9128
6248
6979
8805
5135
7197
9303
7445
8908
6139
5853
9645
6669
3616
7809
5346
2604
5117
2107
7186
42
3233
7991
8622
3224
7653
5863
6508
8413
1588
9308
350
4201
2283
7765
8587
1707
7477
1747
5281
5490
6925
1093
8725
4903
3211
5409
3662
7754
1605
6106
3160
6123
3417
5266
6800
7945
5345
9508
6598
628
2523
8372
9115
4053
2964
8502
7923
8231
5760
7670
9359
7947
4794
1406
9504
1961
3661
6445
2769
5708
972
7079
3131
9918
1907
2977
1083
3098
6945
273
8785
1367
2587
555
3081
4621
1103
9040
5889
57
480
5445
4451
1130
1735
8129
8865
2073
8448
4762
3836
3054
5444
4322
3105
8405
4573
4791
5458
4123
235
5158
825
6933
9363
5671
6948
7987
6932
7534
7303
7060
5939
7377
2946
2958
2654
8839
1820
8297
2135
3483
2065
4608
8740
2688
8731
8866
399
5130
5145
9403
3652
9211
8494
9904
8617
4245
8589
6208
5536
7406
2901
7291
716
2607
7742
6767
1731
4496
2271
850
9885
1116
1804
2428
9230
6323
2377
1433
3222
2061
2687
4584
9034
6510
3656
1719
7730
4367
8681
9882
497
303
8988
4318
9183
898
6593
2733
7513
35
3876
1763
126
9266
1390
7864
4666
4859
8318
4873
3623
8561
72
6607
8490
8560
3602
6406
7434
4891
7170
4071
7029
880
9212
7584
2442
5477
9558
1568
8786
9111
3409
5903
2622
4482
9599
8186
1110
254
5519
3321
6245
4981
9130
2092
2370
2623
8596
3803
4706
1256
7835
6096
5629
6975
6417
1891
2948
2750
9687
141
2391
375
9958
9510
8346
7632
8075
847
9106
5591
3693
1580
1880
1319
1050
1385
3047
7306
6861
2145
9119
7071
3012
8226
9093
1108
1975
1489
6251
9577
6455
8295
9638
2680
5129
1354
8998
7732
5913
2194
630
2679
2105
3871
6018
6864
3852
4378
1387
9659
4934
1789
1033
6740
439
3510
7588
2029
476
474
3576
6389
8392
5813
9699
6004
2632
8918
594
8539
6160
3920
4139
2088
5161
5335
4678
1429
315
1919
8525
9010
3908
5883
5499
2084
4583
4057
6260
2810
3605
7257
8006
6534
5549
8370
5329
7934
5846
8996
1893
4264
5634
7305
6086
2261
3851
7900
9356
3798
2705
8574
541
7348
5548
9423
2026
9677
2682
4557
6351
5232
4810
1246
1791
7163
7470
4572
7836
6340
9169
6983
3856
6451
2447
7484
9826
4918
9580
3555
735
9883
3670
8537
3462
8761
7736
7898
7395
5790
6110
4174
4693
6481
7624
5922
5484
1206
1480
2559
1571
3916
588
1515
5729
4261
9124
2365
7972
218
5712
8804
1037
7078
1386
2762
4658
5241
3754
1466
8564
5633
9027
622
6111
1817
1251
8840
4999
8755
7479
3703
6710
3280
99
9654
9921
5680
2811
7928
8977
3865
7562
8661
9928
6443
4001
400
248
3558
9126
1634
6899
5491
6980
2221
6281
3979
4699
3384
8859
2556
6931
3207
3348
8991
535
9068
7647
4813
7384
2583
1835
8366
8862
180
2954
4194
3331
793
3686
1454
6196
8875
1528
4024
7509
7936
6164
4106
8757
2581
807
9292
5556
7518
5885
3449
9081
9881
4968
176
490
2254
9031
9935
5763
4761
4397
1463
7925
7980
6613
3947
7143
3497
6078
9831
1740
6197
60
4135
8507
5216
801
6494
8402
2567
29
3429
8205
3412
2506
1253
3286
3932
1869
2866
4400
2136
494
2791
7325
3521
7976
1139
8700
2976
2212
5552
8548
8558
2224
1046
9640
8073
2011
7966
3536
1157
3790
3525
6345
4476
3424
7019
4307
8053
2727
1460
8683
7649
3274
1208
2069
5368
6917
8813
6683
7333
7724
9700
5068
4371
2848
852
5518
5044
7428
5021
7412
2892
6841
5366
1755
5167
8046
3666
4714
1867
8919
1561
8920
310
2562
3220
3840
4208
6320
4506
1147
1120
8682
9166
7640
4628
3473
953
1645
3304
8819
1419
3580
3755
4432
7717
6929
553
5493
9289
417
5998
1882
2899
6103
7365
5316
6726
8562
1558
579
4232
8909
659
6704
4917
5126
8028
718
1663
2071
9320
2894
7874
9573
2779
5557
4824
8445
7674
7156
7342
6442
4597
8994
9379
8704
8002
6392
1850
6037
5541
4827
1786
8116
7213
970
3460
9782
3581
4267
8072
606
1384
5745
5950
636
4067
9753
759
9679
3133
7741
7761
7245
7056
7837
3223
4585
7554
5603
6924
9123
3370
1819
8967
8817
8221
2850
9134
6403
9362
3962
209
8802
647
9184
2389
4667
3990
9799
6784
3126
3108
7089
9813
8200
3647
861
2031
8956
9693
3339
487
2279
924
6243
2103
5852
3789
5528
1811
565
6699
6833
8952
1644
3514
1229
6287
5485
6538
1517
969
632
6949
1618
6071
4026
7360
6993
6504
79
9893
5337
7873
9719
6398
9214
644
3312
2426
6283
144
7376
9993
5618
9286
7339
9848
9273
5018
2025
4384
7025
9301
8124
6264
5968
7463
6789
7531
5384
6755
3615
8654
8651
5923
771
6341
2701
5956
7098
9887
4900
549
3545
1660
7656
2522
2371
3637
2233
6079
7276
3192
3344
2923
1158
8781
1902
4518
3606
3085
6008
6922
9168
3231
7957
3142
8652
3145
7906
5246
5414
998
6447
9065
1013
2659
2018
7481
4855
2243
4157
1098
8572
2589
8108
1115
6101
3092
22
8889
6263
4235
5183
9358
6052
53
9172
4028
1415
4383
547
8461
5220
154
3710
8569
3011
9820
1197
4239
5322
2940
4683
9047
6315
9939
8935
4512
3893
3393
7363
1840
2816
412
2207
2192
7784
2711
6326
8810
9983
4777
1477
8900
4166
2561
102
4638
330
1289
1236
2984
4209
8214
2509
5301
6860
5054
5236
5840
6003
5584
5971
9136
5070
5195
9841
293
8815
7404
1756
5267
7202
3153
7565
600
8873
9447
6545
2788
6751
2285
4332
7821
1274
2719
2399
1377
8120
1777
4731
3269
410
3716
6075
3687
6781
7440
1487
257
5411
7462
3861
5404
314
550
5276
9674
493
5750
3112
3311
2510
7856
2757
2430
6516
3363
9561
8087
9758
1836
9109
4625
6069
5637
6867
3712
9449
5875
8480
4963
2584
7968
3806
8833
3639
9534
2322
9714
6843
1254
3136
3526
7373
2897
7267
2170
671
4366
1413
149
4790
8228
4373
8812
560
6397
1993
115
1659
2242
3509
6998
3001
4980
3260
5585
4894
8717
1960
1276
3914
2158
1676
2998
7938
5020
2461
8623
3513
1411
5361
4108
2826
8706
546
1209
2944
8172
3575
6621
8154
691
3940
9969
9265
7374
5888
2113
2086
2012
7497
8934
488
4351
334
4113
3891
9457
6429
7288
8111
7247
2547
2203
4972
9976
66
3309
2943
7409
9837
6292
7594
7973
6912
7956
6461
4710
8517
4620
9203
4287
9551
8579
7714
4910
1424
7897
5090
8122
9900
4986
281
4323
2614
9317
1192
6068
4882
9843
4914
9113
3733
6026
4639
5204
1234
5165
1716
4170
8673
1847
8756
939
6557
5739
2485
4069
6659
9482
3184
9649
1191
4829
1758
3179
4324
7922
7665
723
9157
1849
6109
6707
3453
3255
2064
9453
9859
4382
5079
2789
204
914
5113
2318
7832
4946
8549
6771
5215
7708
7328
5734
4595
9731
6029
822
1417
4839
6146
1530
295
1689
3862
8712
9197
8938
9817
9545
4019
6496
6966
3445
5553
9345
4062
1412
7382
7636
6846
6599
1239
9525
270
1563
6053
4746
6722
8056
2178
873
5765
9723
4252
2966
4948
6953
7144
6396
7678
8115
4982
6594
3040
8565
3985
6961
3325
193
9160
2469
4142
2735
4493
8407
3354
700
3878
3631
3983
6506
4716
3702
7769
3113
9036
9050
6817
1937
7885
4717
4094
3288
1863
7654
3524
3287
5198
7570
7831
3004
2415
244
7846
1409
6702
9849
8320
4376
1485
9450
1748
194
3777
121
9575
4530
7559
1216
2438
5776
6717
4735
7394
7744
8083
7786
5551
2516
9879
2275
3272
247
9145
6249
8030
687
7188
5744
3392
514
6805
4803
8374
6028
8178
8406
8136
9310
8659
3110
1873
7314
1278
5565
6650
9147
2451
719
5610
963
3122
2185
8304
7735
8324
1257
3774
9909
6460
5917
21
4755
6331
3763
571
3488
4539
322
5124
3238
16
2882
8937
9462
1912
1136
8982
1995
621
9268
467
4737
6653
8143
1022
9706
1768
7536
9617
444
5894
4842
3132
7537
2383
6048
4257
3167
9395
582
4501
4422
6589
4188
8235
2876
5854
8975
381
5208
9588
264
495
9600
253
2036
5234
7224
9299
8325
4414
669
6137
3166
4750
7032
7680
7041
7514
892
1069
4259
2542
2602
5810
8438
8641
2363
2939
6365
5768
7392
7963
9994
2519
8007
6495
182
1881
4614
212
7535
3198
1964
3901
1495
3317
7108
7974
826
156
5563
5365
4820
2764
5104
3751
529
4653
2596
8180
7996
1118
8922
9975
8526
1162
3999
6580
7858
4863
3146
2683
5056
1217
4283
6373
157
1812
5307
9312
7486
6981
4441
6082
6678
6125
7405
3492
1026
2327
1871
5937
1045
4758
4440
1985
3591
935
8814
5696
8291
5625
2809
5803
3952
6021
1687
4814
8384
5962
1992
6324
4924
6785
7194
6319
5736
3496
694
4349
7057
8400
5741
9205
574
1020
3401
9676
9279
3627
1345
4538
3988
1143
3879
8217
5353
2950
7702
5024
7042
2842
4786
3645
6729
7951
5727
8904
3307
9611
2137
9072
4937
9598
2317
3805
4080
6661
4495
1173
1854
1639
2434
5856
6972
4732
3511
7700
7600
5363
7398
2053
9470
124
770
3058
9446
3199
1497
2532
2949
8921
8363
8899
4328
6390
5453
5405
7286
9056
8684
2172
7160
501
2661
6632
6298
5722
7539
5837
2770
2862
9963
2104
6511
110
3958
469
8099
6634
6297
401
5031
100
1321
4793
6811
2040
7684
3033
159
6114
5596
3180
9751
6896
82
927
2635
6770
2381
720
9427
4450
1693
5983
5264
8179
4387
7783
2014
5530
6132
958
7843
4886
1934
9953
1592
408
922
7329
7264
8429
8319
3954
3859
5838
6276
9219
6462
8528
7135
4416
6703
17
9906
3949
6194
4014
6550
3157
1300
7889
1089
8582
6562
5270
3386
8578
4388
7181
726
8054
8903
8645
9434
7015
6816
9352
2392
1943
867
3456
5590
5508
9173
4749
1337
6337
3813
5351
6030
6706
1848
71
3436
2181
5569
5636
4962
6556
6591
4702
4016
9412
879
9314
3096
5835
1117
7390
6668
8608
10
3527
5656
6527
1129
1759
4623
6031
195
7282
7471
2817
6685
7955
4673
2669
2610
1356
4624
1085
717
2101
3476
9590
4969
8417
2197
2435
3634
2551
1682
8437
45
3457
7051
5577
8752
9998
6409
2354
3730
5676
1826
7628
3610
1554
8793
738
4448
8691
3464
3682
4398
7063
9954
1342
5748
8523
7868
7651
2664
133
3529
7321
4654
356
4358
3487
4887
5108
5918
1930
1933
1974
6952
8095
6217
4158
7277
6609
5801
967
5799
6838
1440
6522
8210
8788
1161
820
4754
2150
3572
6871
7905
1655
5431
7699
7254
4091
1535
3421
9777
9466
4533
1461
2240
269
4000
6102
225
7496
9774
9077
1185
2236
9493
1555
4760
1897
5944
997
6670
3099
9238
1164
532
378
2214
1859
6242
7153
9735
268
3324
6715
7171
2550
4220
4896
8117
8981
5599
5035
9503
9815
1952
872
4876
3130
1864
6435
4037
7731
6799
9842
4325
8820
2147
9628
1423
4103
8258
8914
2117
3953
6012
9760
2394
6840
2868
1331
1501
2028
6162
815
2694
5943
4147
4472
7893
5507
3632
9311
3600
2931
8701
987
7062
9121
7208
2358
3241
7031
6265
3603
8511
7797
7863
6488
8086
7034
7173
6011
2159
5045
1860
2505
5847
9061
7388
8888
3302
7860
4544
9012
3359
9170
340
3584
8008
8003
6083
2714
6218
601
8800
6493
5848
483
6694
5093
7215
2066
5663
8550
260
1996
843
8570
4136
4242
1548
9962
6009
7924
9045
4111
3668
7949
6412
5142
9847
7403
3015
4192
5568
8227
4943
8693
6088
321
7343
5985
9924
5731
4478
2745
4492
5395
1188
2353
7596
1015
3075
2503
7687
2140
9995
5516
3279
7218
1308
215
1578
2763
6199
4929
5711
5040
794
5295
1212
2925
1928
7952
9631
1227
1125
3300
6410
8367
2829
9016
8132
8618
5
1865
4856
7464
2928
2889
5694
4959
8035
1222
1347
3374
5308
9477
9155
1766
2846
6357
6915
8513
8628
9729
8481
5162
6098
4051
1267
3743
9703
5416
1953
7909
4541
6105
7351
2289
2380
4955
7581
1241
9694
6134
5219
1922
2372
7397
2644
9915
9656
3204
5638
5483
8989
5814
155
3459
8876
9471
4331
851
7529
2792
8097
3928
112
1718
9851
3714
9198
9288
9421
197
2298
1195
47
1925
7413
6667
5447
4723
1989
4741
8997
4439
8268
437
4497
4315
3539
5626
4385
1619
4152
3597
3368
4282
1856
5489
9856
1177
9387
6731
5661
6656
5899
4860
6644
7227
4087
5545
2402
766
9783
9602
1025
2725
6626
4203
7093
6526
3966
6121
3212
3029
6414
170
7055
7911
2256
1722
7850
533
5147
3019
8015
2639
2513
983
1079
3500
2211
4589
2359
6136
6728
5831
5747
9891
9366
4270
8695
1228
9344
9502
8533
1534
3548
120
9159
1088
3519
5534
4361
3504
9018
3038
7410
2314
4957
3055
6665
6070
4945
5562
3689
9105
5996
2773
1529
889
9287
2631
5662
5980
3235
5127
7752
6407
3832
2109
5967
4944
6035
3294
1615
6565
2515
2272
8809
1283
8867
6027
3493
3499
3601
5828
5166
4960
1012
3926
648
7825
4352
1126
4525
762
9986
6754
2419
2241
6222
8538
5643
4536
2908
7301
7038
6
4265
6401
5470
6680
4370
6873
5401
3676
1730
2284
4866
9424
8961
4868
7550
2421
8102
131
6513
2743
6181
929
8674
7696
8910
7200
1287
1575
9557
6790
237
1040
7759
602
6832
5523
938
1408
7091
1887
8753
1573
8850
7839
9549
2952
6221
3620
9898
8566
4484
6382
9254
3869
1699
3675
884
1832
5957
6645
9518
980
5069
7324
3174
6671
2836
2020
7721
4615
655
8353
8957
9468
1353
729
5614
3654
9382
7493
9384
6047
4739
7058
6204
3650
7772
9905
4459
8349
6418
8148
9765
4748
3823
9369
147
3596
5238
1999
4695
9553
2218
3765
5821
328
7241
5256
2396
7356
2118
6741
3834
4696
4402
1186
775
2034
8326
6484
2961
8463
6606
9158
8282
358
1492
635
8848
7270
4984
1879
7710
9393
8894
1282
8829
1420
4197
298
3507
5857
6863
623
8672
6573
1399
4692
6050
6104
7791
9997
2675
9604
4764
6212
6976
2824
7298
5383
9992
8189
5475
7326
2600
7971
5851
7528
9512
5757
1081
7196
9103
8592
9811
1653
8289
5205
7302
9863
3747
8619
4411
9715
7310
3477
6352
8710
7052
9506
8195
1773
4846
6994
3201
552
7164
3266
9515
2151
320
715
3066
6254
7235
4906
8078
6446
3249
3930
6210
3088
5269
6891
1378
9733
5946
4381
6942
5561
1625
3433
9623
1900
3992
5066
3197
7894
37
5374
1302
8394
3261
1437
9038
1500
7319
3226
1175
1077
3078
6662
7441
6145
8677
3950
959
7256
8878
6769
8504
1142
3140
6211
478
8648
3898
6126
5623
7768
8336
4356
422
1607
3530
4622
6760
3779
8033
1861
6714
7669
7480
2266
1092
9767
5262
7354
2348
7461
7502
5194
9110
5347
2373
4504
91
9306
8971
1978
4819
567
2310
849
6303
8703
4002
3303
5077
614
1597
420
2544
7691
2641
5612
8190
3336
7045
2005
205
9496
4039
2855
4075
1486
1365
441
6572
5271
811
4210
3111
4081
4249
5469
7615
9532
167
8450
7346
3599
1232
4122
6982
8273
4612
4885
7068
5010
1516
7970
9749
2798
7221
1381
9766
4708
6850
2045
3611
6457
3366
753
3315
6866
8141
1220
3925
4847
9668
2812
1483
3927
6615
8288
5604
6399
5689
5206
9326
1955
701
575
442
5134
2553
5174
5682
383
5533
6819
374
4660
1546
6497
210
8518
8218
4468
49
8153
1531
2790
7958
9017
1056
6430
1252
6732
3873
226
4107
5495
484
7454
8947
4908
1327
7662
4636
6361
4978
6329
9329
7007
6938
4809
1584
2108
8034
6241
8930
8220
9769
2851
6032
234
1551
4804
2482
5858
881
6962
2726
5698
4126
3688
8515
4753
466
1363
8600
5778
3446
2238
1082
7387
1373
477
5641
4237
910
6428
6290
8118
8466
8454
8390
5912
5822
8771
2796
5924
3048
2122
3285
4631
9415
3209
4134
682
4486
1134
2594
7776
7953
9702
3892
65
6624
25
7206
1237
8443
7845
3671
3740
3196
391
5252
7442
5995
3296
7573
3522
1905
7020
7491
2263
7457
52
1166
6743
3506
3329
7207
8898
4711
8341
2504
4719
1843
7773
5881
2938
6420
5726
9483
9786
8505
8864
7626
9444
5668
1862
1018
4394
7347
4751
105
6259
6061
1778
1455
5611
5171
8357
8442
3911
9361
8198
2384
6965
2128
4279
1703
3552
3629
3993
4826
2806
7834
6356
1641
5981
4473
5212
9432
7704
2508
8769
7927
3622
2860
4922
3186
1017
9960
3467
624
6893
4418
9610
9637
1004
7503
3959
5826
5274
993
3713
8926
5251
2856
4326
8310
6168
8137
1372
3767
1661
1623
4042
871
8555
4722
1104
1713
4884
6255
6466
5078
1942
202
1565
5170
6172
2884
6191
9090
5772
2539
152
9323
8510
499
9576
5025
4505
3061
2929
431
2058
7083
4251
5631
6186
3516
3888
4171
4049
5362
4403
2265
6608
5972
5859
2739
9615
7673
1271
8452
756
9785
7129
169
7183
6541
6876
6852
4425
944
1388
1724
5089
7804
3577
1677
461
3229
9738
2537
8737
1538
8612
828
6752
2579
9137
1681
41
7134
4879
6612
6158
3915
3877
7543
2297
7152
414
7478
2758
2922
8345
453
9619
9742
3045
7607
3466
6736
2805
8678
3154
4164
4499
393
2152
4987
7823
425
5932
637
8638
7357
1400
5703
8575
8992
1853
6823
2452
4288
106
4644
3659
5478
4076
4291
7122
9
7174
4277
9655
7274
9476
6724
952
991
9594
9979
5467
8427
7851
654
7593
6206
5258
507
711
3970
3917
4487
4586
6372
4457
1061
6701
1624
6652
8790
9725
304
806
4923
1514
7145
9521
3982
5927
6957
3578
50
3995
2427
5448
9822
5827
4083
6309
4580
2023
7345
2797
4611
58
9907
895
9620
230
688
7099
581
1801
8686
6851
9961
570
678
5390
1113
3289
7847
6946
2096
696
9331
62
540
4009
2215
808
905
1475
3783
6676
9541
2924
2718
8047
6725
5028
5702
4743
7978
3857
1523
2672
6330
1178
8595
919
4148
4779
6224
6824
1949
8098
3590
1255
9202
1249
306
360
3064
8358
5300
7287
3894
6376
7358
8150
7585
4133
3458
1105
7263
4372
2187
9930
6959
7819
8147
8348
9807
4802
8049
971
3677
4084
8944
9875
3413
9578
7747
6327
848
1339
1700
1749
9108
179
6338
6042
590
7857
3089
8404
8913
1595
9938
7907
18
528
3059
760
9135
6205
5380
4098
2139
3556
5546
4022
6788
9526
523
6165
1629
5243
6690
961
327
7988
6310
2697
286
87
2834
5695
9041
4630
2554
2093
3508
858
9845
1035
4117
5658
1291
8157
5871
1798
5982
2444
9355
2423
3960
2347
2123
3284
5163
2116
7712
101
404
7660
1696
3395
6416
9971
9431
3256
2196
7067
1656
8746
8630
4231
6985
9838
2801
9064
2075
1834
7558
666
4833
8799
187
8431
5865
2490
2932
615
3437
5725
6875
6718
2467
2759
878
1481
835
5573
686
2752
8828
4733
6927
7848
4104
2723
3866
3935
1590
4836
5723
8658
7921
5007
6904
3117
4244
7289
4247
5297
3023
3411
4909
318
3604
2569
2568
4546
3431
279
3810
5217
7609
9100
73
4726
3357
8772
6614
7118
8702
259
9543
1031
8709
3177
7862
7008
3443
6369
285
5520
6651
4961
9120
8337
2132
3405
9680
9255
613
189
2974
3087
8609
3630
5589
2959
2755
1654
7989
6383
9634
7556
2083
797
7516
977
795
9043
6294
109
8766
6885
9091
3428
6366
2258
5532
2807
6055
7165
3913
4078
7826
6328
5670
8881
2837
5133
3532
6674
7602
5197
5767
2597
1422
5009
2300
8444
9705
6074
9221
3463
8280
2079
6822
8514
6463
316
5598
2574
8885
4977
7150
8403
698
3333
6438
4705
9996
1720
7223
9754
1570
220
1745
9612
1513
1890
4815
241
9178
8739
1705
5222
9058
2097
5242
7076
2476
6620
9151
6716
4173
1986
4013
6689
4956
4045
8419
9232
1181
6738
300
4665
5966
9015
5620
5911
6640
7400
3672
443
8467
783
4561
5042
3438
904
2684
3691
2613
7190
3757
2249
6272
9454
3094
7420
6190
4870
1685
9463
7193
1779
9439
6237
7330
3326
8287
6301
4097
2765
4677
4419
1600
1769
9781
3870
9839
5231
3614
7633
6698
6807
6380
3104
8306
9281
4079
8237
816
965
798
569
5554
9587
6333
261
9256
5468
3242
1285
292
9390
6810
3159
4664
1932
7293
9313
6986
3769
813
6192
7613
3021
221
5185
8354
2496
639
1665
9589
8616
6024
9026
8126
4182
4958
9509
1392
534
9411
238
355
3868
7444
2143
9394
4176
5543
6016
9540
2321
9433
6944
2291
5891
122
1010
3719
1122
5181
1273
5877
7280
4254
9422
2917
2407
9548
5961
3378
4674
6214
1362
164
9076
6388
6672
1479
2050
3738
4587
4781
2706
2418
4704
8196
8165
8577
4925
9809
3042
4036
2945
9641
8070
5143
5210
3000
1560
788
9401
3563
7984
9712
7681
4878
4698
4299
673
842
5388
5938
3505
6969
3517
4774
1128
8811
9162
4701
2933
3705
505
6941
5240
33
2403
5376
5526
4808
5960
8567
595
9840
836
7828
7611
8723
3741
9019
9005
2754
1140
8795
3564
1314
8279
6044
3828
2385
6066
9857
1839
1899
1617
3367
8300
9001
1906
2535
2413
4442
748
3903
6756
1946
5855
9639
9440
3377
1124
1509
4198
3356
5973
6637
9972
3164
1591
525
9931
6895
1852
3210
173
78
7436
7930
4375
5406
4429
9491
9224
4368
8586
8077
3448
6889
2576
2487
8747
2827
8169
9385
9488
6228
7985
4727
4844
23
5870
7053
3416
9430
1795
8837
2872
4274
3759
6655
4619
8397
2425
8776
2960
5797
4670
5930
9648
9244
4177
4015
6349
7865
8741
2500
4528
5527
945
5861
8775
833
7191
6077
6505
5382
4233
4246
537
1007
1071
7614
9850
6619
5132
9873
339
8830
369
1788
335
1631
7332
8252
5795
7226
8018
9080
802
4867
3592
4545
8061
7693
2552
9910
5196
7820
6317
8265
9528
8471
2642
117
5733
3016
2653
2546
5769
6960
882
2970
246
790
6400
4725
4207
8571
5317
349
9630
7308
7896
9004
2174
411
9003
9605
4618
2454
7349
6631
3383
64
556
2188
1047
6135
5067
9364
7296
3742
4514
7540
332
8906
3293
1198
8857
5743
981
8477
8580
382
518
1057
5510
5296
7767
8976
5391
917
4513
3318
8315
4745
964
7482
3885
6450
7756
7248
8267
8207
5735
9419
140
5884
471
4004
2149
5023
1647
787
3435
2905
605
9626
8535
2416
7222
2337
4996
4303
8050
4740
4335
8584
5250
8821
3547
116
2387
7299
6022
7205
5721
7644
3595
1263
4785
5282
9284
2533
7489
6313
4250
8496
4215
1183
278
7341
1547
3512
8142
137
7423
7386
3214
2704
8010
5272
831
3692
9325
6585
9582
7417
4938
5094
5412
7697
4269
508
9519
4140
7841
4033
6529
7882
9671
4421
1754
7935
2210
9888
6804
9048
7849
8455
562
887
4169
5798
4149
2865
1527
1704
4334
5422
6625
7323
6692
4857
2056
301
6348
5284
8492
6223
6234
377
4728
9801
5073
6604
4025
3301
8475
9913
388
2713
4642
2160
1453
5017
4380
3835
2799
2930
5990
7265
2849
6539
9865
2845
5348
4549
6688
9174
166
6184
9456
4649
4874
1837
4787
2336
1888
5156
5479
1772
7805
7631
4
7748
4178
2303
6989
1165
1627
8378
5105
5677
3845
2879
2183
6610
8626
9686
7986
5318
5581
6695
4479
6675
7998
1710
2902
450
8272
4993
7899
7871
5697
3097
1635
6336
6129
3880
4598
8093
9586
2296
2947
3273
2330
9088
2913
1782
5929
8763
3931
2831
4795
2338
6113
9267
7694
9964
9374
7979
5657
6657
7510
5344
307
2431
255
6314
3785
1032
9213
2313
4333
4256
7425
6458
2608
5805
5997
3141
3479
3984
6177
4634
2978
4342
4401
9916
1504
3557
2911
6758
5824
6486
684
2689
1350
9131
4626
3658
9500
9621
5463
4738
1675
4099
2983
7023
239
3897
8464
7833
7866
6923
1815
2015
1084
3183
6602
7252
1765
1099
3825
6647
3909
3482
2638
675
2841
4643
8486
9225
8713
5092
6293
7507
84
1640
1458
3503
9309
5100
6673
163
9695
470
2138
9635
4114
5343
8552
7666
8158
8339
2323
5919
6065
5872
563
8188
9389
9236
4005
7030
5653
6763
1330
7157
9908
9768
348
4218
2333
413
3125
5583
7677
2042
2548
6089
7176
6440
3107
2886
7861
2460
2870
5749
6256
1112
4485
2873
4386
638
3046
2761
3546
3673
2859
2857
8017
127
5503
4776
2226
3919
7237
9720
4130
8338
4030
1658
4657
1518
3369
8424
6492
9681
1806
8826
8871
1450
3697
6782
7621
6479
3215
7875
1512
4183
9084
2760
1990
1542
6649
9066
6433
5321
6108
5630
9711
2195
6584
5294
3442
5902
3018
6230
6034
1957
1889
9795
2919
4780
8979
8140
1979
804
9357
2729
4223
3655
3933
1073
7760
2408
2847
4180
277
199
6117
6530
3618
203
2448
4278
5978
9952
3077
4086
7738
6930
7854
6780
28
9507
8155
9613
4066
5594
9936
5273
364
8296
6834
1824
4973
5761
7777
9181
7309
7582
2009
3195
1002
8924
396
7711
978
3538
8834
438
5832
9870
249
7944
4465
3683
2475
5878
9982
7001
2414
2677
557
9805
6178
5817
7751
4902
8314
4095
9544
3977
5213
7239
3887
746
9190
3782
8067
9546
5440
5141
4997
6552
7763
1190
7320
9459
3685
2016
8640
5430
5642
832
8123
3295
8335
4345
2777
9328
290
9776
2320
6586
2049
4772
5114
1988
8983
8027
3523
5794
4579
6835
6421
4932
4455
2131
5701
5844
5334
1154
2397
2747
6818
9759
3353
1326
8497
5096
984
4241
8249
2085
9410
9472
6289
8309
7107
7891
5660
6943
8943
7999
7026
6478
4437
857
5738
968
4191
6355
6987
2206
3137
9970
9218
1938
1533
9581
2378
8277
4044
7110
2598
2176
6940
1441
6033
9603
2182
142
2844
5033
5498
9614
4374
8798
8476
5354
4974
3191
1416
6564
2124
8167
7668
6660
5779
3884
6642
1153
2443
12
5180
6544
9934
9570
9797
4225
8177
3149
2690
4020
114
8936
4632
6080
2169
222
8614
3251
2692
2742
7474
8411
5887
4412
7476
2039
5672
5898
2259
4720
2724
8248
9950
8156
7916
8883
2541
839
9330
9343
8327
7788
8501
7561
2637
3020
9117
7723
5659
7705
8886
4189
6988
9481
1760
9210
4635
2286
6551
4446
7859
135
1240
940
9341
5954
4659
6090
9505
2439
3549
3841
3124
4115
6648
7255
2534
4523
430
9862
1664
5529
2328
2854
4444
9665
1851
7785
4729
3225
8968
7249
5150
5408
7617
619
1457
2898
3372
8012
7605
398
1247
8114
954
9673
5564
8194
8680
6803
5179
5125
5394
1792
397
36
8831
3171
5474
4871
538
7322
459
3895
8251
2129
6143
3190
1878
9006
9876
9156
4602
6246
1284
2578
8041
4949
4663
8246
2785
2204
652
7378
6152
5095
3827
6144
2484
5209
342
9165
8283
4121
1844
9215
4271
1307
4050
1901
9464
5993
4679
88
1152
7230
5537
5026
9499
1657
8716
4319
5450
7720
9625
937
4843
2345
5842
8459
4560
5720
1328
5880
4163
6344
2941
3391
9229
7878
6920
5413
6154
6555
1011
4027
9296
4770
1643
7024
3944
9078
6240
280
1174
3376
4601
5622
1368
4522
2339
4724
3612
8964
8576
3923
629
7027
2514
3626
9678
7492
7002
7234
7808
333
5076
3778
3120
7075
5173
6342
5704
9251
3750
5715
4953
4125
1435
643
8978
8877
9475
9987
2564
1519
8241
4682
855
9871
313
3498
6879
3989
4853
9451
2502
4519
7606
4258
4175
6081
4268
9707
3994
2835
2730
4405
2517
7908
4202
9082
6358
7795
1303
1008
8536
3799
6996
1895
8230
6684
755
6537
1650
8183
8225
4712
4341
5325
5607
9574
7580
7793
5249
9386
2612
2545
9298
834
5829
3998
3899
3758
1233
3537
9290
2477
7177
2875
8594
9591
667
4260
4154
1294
9280
8239
906
985
1067
4456
395
896
8066
6025
6636
4765
7692
4828
8727
19
8965
363
4021
8851
4838
2702
8599
5511
5833
5717
5669
2398
1170
8311
9802
3032
6827
3028
8260
6848
3072
8317
4747
1474
2000
4899
5036
6749
5942
7036
2405
9794
7726
1476
5034
2299
7740
4262
1351
276
1813
1671
8896
7140
5029
8500
4543
3624
2274
7546
4227
8025
6040
9489
1904
1361
5789
3341
4508
297
4199
5399
9293
2156
2466
2119
7368
8275
8720
9055
5473
9563
4509
7043
1502
1557
7932
786
681
8449
8488
976
7430
8748
5825
8312
778
7578
9161
5764
2441
2021
7590
5718
1947
1311
27
2625
8060
2852
6973
2877
7422
6566
3881
4462
7521
9513
6574
9195
6569
3053
7021
6911
2795
8232
7219
9744
9844
2720
4463
1187
7352
368
6473
4697
2459
6528
6514
3941
782
7473
7240
3327
9033
3337
7977
7016
9927
2668
6091
2891
1168
7389
8779
3423
4150
7838
7290
1102
9608
8316
4778
4742
9239
9846
9530
1803
9701
1062
7888
7764
9191
5327
9376
7762
1762
5449
2814
7307
9381
2230
2057
6571
925
3299
1636
7128
7686
4861
1674
1559
5820
2525
7155
6449
3589
853
9070
912
8328
2975
8216
5592
844
3502
4089
6427
7184
2060
2616
7077
5177
2781
9761
5160
2007
6226
5619
2308
8824
2175
4744
9226
7469
1954
6477
3067
4799
3804
5915
5202
9487
4131
1014
500
3002
5928
4393
67
4272
3853
9125
9263
777
5759
8436
7369
8581
4101
7501
1106
3277
8004
2228
7695
6404
604
1784
3095
1972
9923
7380
8503
5496
4921
6386
5182
8948
4090
2732
4059
3872
6786
4571
7703
389
1430
9661
5063
2231
4011
3636
951
1632
2802
3365
98
6286
5578
118
2436
3390
5791
296
3399
4389
2213
9020
596
4730
975
2736
6681
4904
7121
1793
9523
7676
8159
3297
4680
3663
986
7706
8209
8094
4576
2498
8950
5189
435
2605
3091
1614
7065
6334
4954
3305
7000
2488
5013
8375
9141
6772
6316
9646
24
7408
4567
8197
217
8664
2433
2324
2903
2528
3420
1076
8923
2306
2685
9234
2951
6278
7272
5571
4822
6509
7449
3573
4281
5775
7913
5699
272
6459
9708
9736
6307
9984
9929
8529
3076
3969
2571
577
2990
1264
6815
2511
3967
7645
2501
3640
2190
8688
7586
1496
3562
5030
9092
5027
4253
697
9371
2628
2251
824
9223
3057
3607
1742
5916
8213
8388
373
5714
5652
7792
8980
2586
1292
7204
2133
6175
8173
9644
6766
8534
2346
336
8863
132
1697
656
1374
8176
20
4897
8615
95
6839
6596
160
7355
2070
2076
8473
5986
13
6559
1903
4690
2335
8787
1616
1418
3643
9073
4206
347
6730
8892
8261
9511
5576
3890
7552
2741
2981
8750
2030
8698
3565
3314
9855
3158
3736
345
506
8858
9163
9258
1935
6304
6441
1141
9812
9150
6469
9569
7092
1594
9778
5709
7005
2969
7375
4707
6057
4390
2041
703
7638
455
1958
8410
3450
343
934
6092
4574
7459
9247
7485
1059
7853
4118
5522
5893
7498
2957
6503
9282
9294
3123
1757
2585
1306
9486
799
6039
578
4073
8364
6220
999
8396
3246
8145
4296
3684
6622
6374
9922
403
8193
1794
1315
6995
7120
6464
3334
8401
4709
7049
2972
2557
9438
5667
544
6903
9461
3205
6708
3822
9021
5786
4700
7468
4767
736
7006
1242
6654
2648
81
9967
9406
6384
3447
9469
6777
8789
1080
6422
7009
5648
1944
5890
97
8104
3216
8816
1499
5128
240
2106
4965
2367
1714
4577
8959
2155
8182
6829
5579
8933
5265
6897
4488
1379
8446
706
3850
2171
2142
2630
9196
9658
3707
1371
6179
856
4309
5457
6747
8891
3306
1567
8131
4286
3101
8119
8055
0
4311
6765
727
4119
7028
9322
496
5012
5259
3746
7297
4766
4920
2493
900
186
2292
6480
9667
7317
7124
2646
3980
1672
8655
692
5248
551
8972
9425
7225
9042
5654
5375
4568
9336
9988
2495
7142
947
9347
2751
5221
8356
184
8019
1603
5313
9139
9980
4481
7037
4607
7718
3787
2276
2543
3193
3379
2497
6475
4392
6472
3704
4276
7467
3400
9175
5646
8090
767
9216
3566
9465
609
77
3731
5357
424
8043
6611
6880
6794
423
8990
7066
730
7210
5407
9365
4413
7827
9895
2987
789
7547
7884
5032
7992
5834
9187
1439
3858
9086
2580
1698
522
1090
8293
9443
6515
8801
2167
2360
5770
7855
8472
2721
9346
6874
4284
8373
2111
5777
5110
3461
2052
2357
5055
3669
8038
3721
949
737
3715
8162
9517
7095
9237
7595
5410
5650
2184
4347
9683
3343
740
4343
7798
4096
7048
6257
8321
8647
9746
5806
3838
1968
5819
9338
4912
6200
8808
8451
8203
1060
9709
5379
5247
3143
9138
3093
2227
2077
7453
8941
2593
814
8362
1428
7064
4072
2362
7920
7419
7634
3082
1510
9685
8762
2253
5358
7437
8942
4841
7895
5628
5451
6490
8905
2734
6746
7799
7304
5792
9102
385
5146
1471
7524
9947
9321
7061
1107
1669
1532
6753
7452
1809
7675
6531
8133
3494
9370
803
4524
6203
592
2555
1872
6405
9920
9291
75
7619
274
415
6201
2731
6809
3698
2527
1393
9297
6693
1349
5102
9400
6434
6643
8522
7601
6712
6099
7672
1858
190
7014
913
6415
9716
177
511
5338
8893
8100
1521
9520
3202
5635
8081
4581
3252
150
7774
9739
3335
4888
6548
6783
5456
9259
7822
1553
1821
8063
465
6519
7446
1194
1781
3561
9616
4229
1706
9428
9192
9490
2676
4898
1259
1021
9000
3896
8491
6058
6890
1688
4181
6592
8767
6798
1981
6377
8724
5558
8109
5766
3667
8855
3978
6170
8890
9690
8420
2388
8080
3818
8512
1609
9835
7411
8380
8719
8016
7483
1468
8020
6820
7749
8606
7046
6870
9392
3129
8352
7618
979
2002
9316
460
2270
9315
1009
3617
4532
7427
6142
1332
3726
2342
3748
2629
8568
3024
9732
6641
627
2134
1939
475
2813
6360
7175
3886
5060
9142
4554
2089
9698
5934
8508
3786
6305
6007
1679
9368
8301
1272
2244
5437
4469
5037
8774
818
9647
9396
7753
2464
8264
2994
4300
3501
5340
6209
5465
9632
5402
3402
7872
6183
1940
4082
148
5082
4788
3014
3481
7727
1767
3942
168
5229
1970
1258
7869
344
3217
7379
365
5845
2499
1727
1213
4032
650
2858
2090
2599
2926
7168
5566
7568
5501
8468
5201
2424
8880
8945
5275
5969
4600
3430
4263
2280
9087
7315
7648
7817
8191
309
8650
4379
1701
6570
2774
2591
5771
5965
7119
8399
9789
7608
2307
4970
7725
2458
689
5085
3559
4168
6378
1201
2115
3381
5038
7096
1003
3351
1295
4435
3593
9989
4806
4153
5190
145
7646
640
6325
8409
3151
9985
9448
5531
3030
677
6285
7532
8993
994
5864
9148
1581
5951
9009
4127
8895
6193
7840
559
8064
909
7214
1006
3764
2006
3695
7371
485
