860
759
752
892
304
996
11
961
307
108
559
207
294
364
30
758
756
874
780
180
293
200
333
193
618
49
627
631
855
505
427
80
410
6
41
396
209
976
430
883
226
696
938
496
120
666
84
650
630
499
767
10
290
419
104
619
451
75
504
994
405
703
878
239
770
933
422
268
541
526
224
552
655
700
824
204
660
417
374
309
851
252
862
229
349
227
789
607
849
868
854
398
347
501
852
934
456
721
187
884
782
472
284
211
143
121
51
414
444
835
614
323
248
985
821
453
240
563
473
572
923
796
387
418
957
103
269
992
436
701
176
107
590
647
876
241
914
301
249
469
911
359
291
694
457
621
371
157
177
794
949
446
743
675
688
109
795
214
70
912
480
802
709
863
1
388
580
375
966
478
748
411
136
494
313
163
532
266
212
7
279
843
153
50
845
681
345
412
452
497
704
771
119
111
148
32
872
640
819
548
635
216
110
765
948
72
629
255
404
144
754
368
192
463
277
769
400
652
919
392
858
329
742
720
76
645
978
158
943
134
833
995
963
585
519
888
570
739
990
178
288
717
869
215
299
825
646
907
545
397
350
511
437
33
25
479
603
210
113
500
455
565
962
539
733
818
69
183
428
118
623
96
67
593
686
172
438
138
265
74
823
877
605
725
23
744
219
325
88
62
150
820
81
784
171
99
689
0
909
311
642
273
100
39
493
726
735
768
125
644
440
202
190
244
391
687
734
557
917
856
822
524
58
242
247
182
188
42
510
921
838
624
53
160
46
175
787
698
513
576
185
798
18
808
693
161
490
616
871
939
989
931
245
237
913
498
439
287
866
516
659
415
531
155
556
106
786
712
145
467
774
699
408
599
344
654
676
442
169
979
829
587
348
503
93
815
495
322
803
167
57
783
270
448
421
43
667
128
131
330
604
710
564
785
893
973
697
64
806
320
425
588
254
328
980
133
305
358
840
102
928
59
66
377
609
362
314
522
130
488
534
953
264
376
964
812
925
208
360
657
37
551
308
435
999
390
809
626
367
16
602
738
186
97
95
536
459
730
87
902
983
508
142
732
231
718
749
40
13
662
342
936
910
716
112
527
865
986
864
956
65
114
879
801
622
317
356
535
310
555
737
927
337
887
147
238
217
930
246
844
85
60
800
295
31
600
403
262
955
82
673
184
366
492
432
685
791
24
736
625
643
529
861
470
283
924
922
518
278
378
830
741
280
826
165
124
170
361
715
433
832
258
491
29
326
466
272
218
201
346
191
903
731
382
402
393
315
595
341
997
506
324
424
969
12
468
813
895
206
101
848
950
357
889
384
234
750
690
198
464
409
319
920
236
952
2
857
282
26
807
73
318
194
597
542
489
746
477
181
890
817
407
369
63
54
705
126
778
841
908
762
537
904
372
608
38
915
538
540
827
399
86
797
431
196
338
974
633
947
781
561
547
98
460
406
875
386
9
951
221
343
764
445
828
429
945
285
663
115
426
649
127
92
139
648
286
583
220
839
413
71
670
636
135
970
606
162
596
577
3
641
755
740
692
298
723
898
332
634
394
846
159
885
222
487
958
972
937
790
905
831
579
711
223
521
656
683
14
788
695
523
873
661
584
575
91
677
77
4
775
83
292
296
573
569
56
461
363
560
814
302
512
151
682
658
271
727
672
954
842
36
474
678
251
19
757
354
213
867
447
594
355
370
306
276
423
568
550
365
327
243
684
942
235
267
638
28
816
485
680
747
615
389
141
383
691
35
578
189
713
761
164
47
554
581
729
836
483
959
465
993
549
702
628
336
289
886
708
52
651
199
517
352
300
896
228
971
558
225
21
250
881
932
574
779
507
334
805
546
321
449
571
880
173
592
351
90
27
8
373
484
589
991
968
533
772
668
810
335
55
566
850
562
899
443
722
520
926
984
897
637
117
714
679
544
316
20
132
776
639
514
379
68
674
728
612
777
724
944
195
847
509
620
965
567
45
486
882
166
152
140
79
998
434
48
981
78
530
611
205
941
793
773
515
799
669
665
454
632
281
232
987
256
230
753
988
853
401
339
331
17
146
610
462
760
918
745
719
105
553
168
543
834
475
260
137
257
450
261
977
22
353
416
591
94
122
671
929
582
297
653
870
982
275
916
837
528
5
15
751
967
259
44
617
34
395
707
179
420
381
441
766
940
901
197
664
763
481
123
340
156
891
253
233
894
935
303
586
613
804
174
129
476
811
601
859
960
203
274
706
598
312
471
116
458
89
900
385
525
380
906
792
61
154
149
263
482
975
502
946
